# Created by Octave 3.2.4, Wed May 11 12:56:13 2011 CEST <bastian@snotra>
# name: ideep
# type: matrix
# rows: 64
# columns: 128
 0 0 0 0 0 0 0 0 0 0 0 0 0 0 0 0 0 0 0 0 0 0 0 0 0 0 0 0 0 0 0 0 0 0 0 0 0 0 0 0 0 0 0 0 0 0 0 0 0 0 0 0 0 0 0 0 0 0 0 0 0 0 0 0 0 0 0 0 0 0 0 0 0 0 0 0 0 0 0 0 0 0 0 0 0 0 0 0 0 0 0 0 0 0 0 0 0 0 0 0 0 0 0 0 0 0 0 0 0 0 0 0 0 0 0 0 0 0 0 0 0 0 0 0 0 0 0 0
 0 0 0 0 0 0 0 0 0 0 0 0 0 0 0 0 0 0 0 0 0 0 0 0 0 0 0 0 0 0 0 0 0 0 0 0 0 0 0 0 0 0 0 0 0 0 0 0 0 0 0 0 0 0 0 0 0 0 0 0 0 0 0 0 0 0 0 0 0 0 0 0 0 0 0 0 0 0 0 0 0 0 0 0 0 0 0 0 0 0 0 0 0 0 0 0 0 0 0 0 0 0 0 0 0 0 0 0 0 0 0 0 0 0 0 0 0 0 0 0 0 0 0 0 0 0 0 0
 0 0 0 0 0 0 0 0 0 0 0 0 0 0 0 0 0 0 0 0 0 0 0 0 0 0 0 0 0 0 0 0 0 0 0 0 0 0 0 0 0 0 0 0 0 0 0 0 0 0 0 0 0 0 0 0 0 0 0 0 0 0 0 0 0 0 0 0 0 0 0 0 0 0 0 0 0 0 0 0 0 0 0 0 0 0 0 0 0 0 0 0 0 0 0 0 0 0 0 0 0 0 0 0 0 0 0 0 0 0 0 0 0 0 0 0 0 0 0 0 0 0 0 0 0 0 0 0
 0 0 0 0 0 0 0 0 0 0 0 0 0 0 0 0 0 0 0 0 0 0 0 0 0 0 0 0 0 0 0 0 0 0 0 0 0 0 0 0 0 0 0 0 0 0 0 0 0 0 0 0 0 0 0 0 0 0 0 0 0 0 0 0 0 0 0 0 0 0 0 0 0 0 0 0 0 0 0 0 0 0 0 0 0 0 0 0 0 0 0 0 0 0 0 0 0 0 0 0 0 0 0 0 0 0 0 0 0 0 0 0 0 0 0 0 0 0 0 0 0 0 0 0 0 0 0 0
 0 0 0 0 0 0 0 0 0 0 0 0 0 0 0 0 0 0 0 0 0 0 0 0 0 0 0 0 0 0 0 0 0 0 0 0 0 0 0 0 0 0 0 0 0 0 0 0 0 0 0 0 0 0 0 0 0 0 0 0 4 4 4 4 4 4 4 4 4 4 4 4 3 0 0 0 0 0 0 0 0 0 0 0 0 0 0 0 0 0 0 0 0 0 0 0 0 0 0 0 0 0 0 0 0 0 3 3 3 1 0 0 2 4 4 2 0 0 0 0 0 0 0 0 0 0 0 0
 0 0 0 0 0 0 0 0 0 0 0 0 0 0 0 0 0 0 0 0 0 0 0 0 0 0 0 0 0 0 0 0 0 0 0 0 0 0 0 0 0 0 0 0 0 0 0 0 0 0 0 0 0 0 0 0 0 0 0 1 3 4 4 4 4 6 12 12 12 12 12 13 13 13 12 12 9 8 6 5 2 0 0 0 0 0 0 0 0 0 0 0 0 0 0 0 0 0 0 0 0 0 0 0 0 0 2 4 5 5 4 4 4 5 6 8 8 7 6 4 0 0 0 0 0 0 0 0
 0 0 0 0 0 0 0 0 0 0 0 0 0 0 0 0 0 0 0 0 0 0 0 0 0 0 0 0 0 0 0 0 0 0 0 0 0 0 0 0 0 0 0 0 0 0 0 0 0 0 0 0 0 0 0 0 0 0 0 0 0 7 8 8 7 8 12 13 13 13 13 14 14 13 13 13 14 14 13 13 13 12 12 12 12 9 8 8 9 9 7 5 4 3 3 4 4 4 4 4 2 0 0 0 0 0 0 5 5 7 8 9 12 12 13 13 13 13 13 13 12 12 7 1 0 0 0 0
 12 12 12 8 7 9 12 12 12 12 7 0 0 0 0 0 0 0 0 0 0 0 0 0 0 2 2 0 0 0 0 0 0 0 0 0 0 0 0 0 0 0 0 0 0 0 0 0 0 0 0 0 0 0 0 0 1 8 9 9 12 12 12 12 12 12 13 13 13 13 13 13 14 14 14 14 14 14 14 14 14 13 13 12 12 12 12 13 13 13 13 14 14 13 13 12 12 12 12 12 8 3 0 0 0 0 2 5 5 9 12 13 13 13 14 14 14 14 14 14 14 14 14 14 12 12 12 12
 12 12 13 13 12 12 14 14 14 14 14 12 12 13 13 12 8 6 0 0 6 9 9 9 9 9 9 9 7 7 7 6 1 0 0 0 0 0 0 0 0 3 5 5 2 1 0 0 0 3 5 7 8 8 9 9 12 9 12 12 12 12 12 12 12 12 12 12 12 12 13 13 13 13 13 13 13 13 13 14 14 14 14 14 14 14 14 14 14 14 14 14 14 14 14 13 14 14 14 13 13 12 8 1 0 0 0 4 5 9 12 13 14 14 14 14 14 14 14 13 14 15 15 15 15 15 14 14
 13 13 14 15 15 15 15 15 15 15 15 14 15 15 14 14 13 14 14 14 14 14 13 13 13 13 13 12 12 12 12 12 12 12 12 12 12 12 12 12 12 12 12 13 13 13 12 12 12 12 13 13 13 13 12 12 12 12 12 12 12 12 12 12 12 12 12 12 12 12 12 12 12 12 12 13 13 13 14 14 14 14 14 15 15 15 15 15 15 15 15 15 15 15 14 14 14 14 14 14 14 13 13 12 9 7 0 0 3 7 12 12 12 13 13 14 14 14 14 14 14 15 15 15 15 15 15 15
 15 15 15 15 15 15 15 15 15 15 15 15 15 15 15 15 15 15 15 15 14 14 14 14 14 12 12 12 9 8 12 14 14 14 14 14 14 14 14 14 14 14 14 14 14 14 14 14 14 13 13 13 12 12 12 12 12 12 12 13 14 14 14 14 14 14 13 13 13 13 13 12 12 12 12 12 12 13 13 13 14 13 13 14 14 14 15 15 15 15 15 15 15 15 15 15 15 15 15 15 14 14 13 12 12 12 12 12 9 9 9 7 8 8 9 9 12 12 12 13 13 13 14 14 15 15 15 15
 14 14 15 15 15 15 14 14 15 15 15 15 15 15 15 15 15 15 15 15 15 15 14 12 12 12 12 12 12 12 14 14 14 14 14 13 14 14 14 14 14 14 14 14 14 14 14 14 14 13 12 12 12 12 12 12 12 13 14 15 15 15 15 15 14 14 14 14 14 14 14 13 12 12 12 12 12 12 12 12 12 13 13 13 13 13 14 14 14 14 14 14 14 14 14 14 15 15 15 14 14 14 13 12 12 12 12 13 13 13 12 12 12 12 12 12 12 12 7 13 13 13 13 13 13 12 13 13
 12 12 12 13 14 14 13 13 13 13 15 15 15 13 12 13 13 13 13 14 14 14 14 12 12 12 12 12 12 13 14 14 14 13 13 13 13 13 13 13 14 14 14 14 14 14 14 13 13 12 12 12 12 13 13 13 12 13 12 12 12 13 15 15 15 15 15 15 14 14 14 14 13 12 12 12 12 12 12 12 12 12 12 12 12 12 12 12 13 13 13 14 13 14 15 15 15 15 14 14 13 12 12 12 12 12 12 12 12 12 12 12 12 12 12 12 12 13 13 13 13 14 14 13 12 12 12 12
 12 12 12 12 12 12 12 12 12 13 14 14 14 13 12 12 12 13 13 13 14 14 13 12 12 12 12 12 12 13 14 13 13 13 13 13 13 13 12 12 13 13 13 13 13 13 13 12 12 12 12 12 13 13 14 14 12 12 12 12 12 12 12 14 15 15 15 15 15 15 14 14 14 14 14 13 13 12 13 13 13 13 13 13 12 12 12 12 12 13 13 13 14 14 14 14 14 14 14 13 12 12 0 0 2 12 12 12 12 12 12 12 12 12 12 12 12 13 12 12 14 14 13 13 12 12 12 12
 12 12 12 12 13 14 14 14 14 14 13 12 13 13 13 13 13 13 13 13 14 13 12 5 0 4 12 12 12 13 13 13 13 12 12 12 12 12 12 12 12 12 13 13 13 13 13 12 12 12 13 12 12 12 14 14 14 13 12 12 12 12 12 12 12 14 15 15 15 15 15 15 14 14 14 14 14 14 14 14 14 14 13 13 12 12 12 12 12 12 13 13 14 14 14 14 14 14 13 13 12 0 0 0 0 2 2 5 8 12 14 14 13 13 14 14 14 13 12 14 13 13 13 12 12 12 12 12
 13 14 12 13 14 14 14 14 15 15 14 12 12 12 12 12 12 12 12 13 14 14 13 12 12 12 12 12 12 12 12 12 12 12 12 12 12 12 13 13 13 13 13 14 14 14 14 14 13 13 14 12 9 12 14 14 14 14 12 0 0 7 8 9 12 13 14 15 15 15 15 14 14 14 14 15 15 15 15 15 14 14 14 14 13 13 12 12 12 12 12 13 13 14 14 14 13 13 12 12 12 0 0 0 0 1 2 9 15 15 15 15 15 15 15 15 15 15 14 14 13 12 12 12 12 12 13 13
 13 14 13 14 14 14 14 14 14 15 15 14 12 12 12 12 12 12 12 13 14 14 14 14 13 13 12 12 12 12 12 12 12 12 12 12 13 13 13 13 14 14 14 14 14 14 14 14 14 14 14 7 4 12 14 14 14 14 13 7 0 0 6 6 6 6 9 12 14 15 14 15 15 15 15 15 15 15 15 15 15 15 14 14 13 13 12 12 12 12 12 13 13 13 13 13 13 12 12 12 12 3 0 0 0 1 1 8 15 15 15 15 15 15 15 15 14 14 14 14 13 12 12 12 13 13 13 12
 13 14 14 14 12 13 15 15 13 12 13 13 14 13 12 12 12 12 12 13 14 15 15 14 13 13 12 12 12 12 12 12 12 12 13 13 13 13 14 14 14 14 14 15 15 15 15 15 15 14 12 0 0 12 14 14 14 14 12 7 4 0 0 8 12 12 13 13 14 13 15 15 15 15 15 15 15 15 15 15 15 14 14 14 14 13 13 12 12 12 13 13 13 13 12 12 12 12 13 13 13 7 0 0 0 0 0 0 9 15 15 15 15 15 15 15 14 14 14 13 12 12 12 12 12 12 13 13
 15 15 15 15 13 13 13 12 13 12 13 13 14 14 13 12 12 12 12 13 14 15 14 14 14 13 13 12 12 12 13 13 13 13 13 14 14 14 14 14 14 14 15 15 15 15 15 15 13 7 0 0 0 12 14 14 14 12 8 6 6 0 0 5 12 14 15 14 12 15 15 14 15 15 15 15 15 15 15 14 14 14 14 14 13 13 13 12 12 12 13 13 13 12 12 12 13 13 13 13 13 12 0 0 0 0 0 0 3 12 15 15 15 15 15 14 14 13 13 13 13 12 12 12 12 12 13 14
 14 15 15 15 14 13 4 0 5 12 13 12 12 14 14 12 12 12 12 12 13 14 14 14 14 13 13 12 12 12 12 13 13 13 14 14 14 14 14 13 12 8 8 12 12 12 12 8 0 0 0 0 0 0 13 13 13 9 7 8 8 0 5 9 12 15 15 14 15 15 15 15 15 15 15 15 15 15 14 14 13 13 12 12 13 13 12 12 12 12 12 12 12 12 12 12 13 13 13 13 13 12 0 0 0 0 0 0 0 3 12 14 14 14 14 14 13 13 13 13 13 12 12 12 13 13 12 13
 12 14 14 14 13 7 0 0 0 0 0 11 9 14 14 9 10 13 14 12 12 13 14 14 14 13 12 11 12 12 11 9 13 12 11 11 13 14 14 13 8 0 0 0 0 1 1 0 0 0 0 0 0 0 9 13 10 7 10 7 8 9 11 10 11 15 15 15 15 15 15 15 15 15 15 15 15 14 14 14 14 13 13 13 13 13 12 11 11 12 12 12 13 13 12 12 12 13 13 13 13 13 2 0 0 0 0 0 0 0 6 12 13 13 13 11 11 12 14 13 13 13 12 12 13 13 12 12
 11 13 14 14 12 1 0 0 0 0 0 4 9 14 14 10 10 12 14 14 13 12 13 13 13 13 11 12 13 13 13 10 10 10 11 11 13 14 14 14 2 0 0 0 0 0 0 0 0 0 0 0 0 0 4 12 9 8 10 9 10 10 12 11 8 15 14 15 15 15 15 15 15 15 14 14 14 13 13 14 13 13 13 13 13 12 12 11 11 11 12 12 12 12 12 12 12 13 13 13 13 13 6 0 0 0 0 0 0 0 0 9 12 12 11 10 10 12 14 14 14 13 12 11 12 13 14 14
 14 10 12 14 10 0 0 0 0 0 0 0 6 12 13 10 6 12 15 15 15 14 13 12 12 11 12 13 13 13 13 12 14 14 14 11 14 14 14 9 0 0 0 0 0 0 0 0 0 0 0 0 0 0 4 12 9 8 11 9 11 12 13 12 8 11 14 15 15 15 15 15 15 14 14 12 11 12 13 13 13 13 13 12 12 12 11 11 11 11 11 11 11 12 12 12 12 12 12 12 13 13 10 0 0 0 0 0 0 0 0 1 10 11 13 14 14 14 14 14 14 13 12 11 12 13 14 14
 15 13 10 13 8 0 0 0 0 0 0 0 3 11 12 5 0 12 14 13 14 13 13 13 11 12 13 13 14 14 13 12 14 15 15 14 14 13 11 9 0 0 0 0 0 0 0 0 0 0 0 0 0 0 3 9 9 8 11 6 10 13 13 12 8 10 15 15 15 15 14 14 14 14 13 13 13 13 13 12 11 12 12 12 12 12 11 12 12 13 13 13 12 12 12 12 12 11 11 13 14 12 12 0 0 0 0 0 0 0 0 0 0 7 12 13 14 15 15 15 15 14 12 11 13 14 15 15
 15 14 11 10 0 0 0 0 0 0 0 0 0 9 10 3 0 9 14 10 11 13 12 11 11 13 14 14 14 14 13 12 14 15 15 15 14 13 13 10 5 0 0 0 0 0 0 0 0 0 0 0 0 0 4 8 5 5 3 4 9 11 11 11 8 7 15 15 15 15 14 13 13 13 13 13 13 13 11 11 12 13 13 13 13 12 12 12 12 13 13 13 13 13 13 13 13 13 11 12 14 14 12 0 0 0 0 0 0 0 0 0 0 0 9 12 13 14 15 15 14 14 13 11 12 14 14 15
 15 15 15 10 0 0 0 0 0 0 0 0 0 0 9 5 0 0 14 14 10 9 10 11 12 13 14 14 15 15 13 12 15 14 15 15 15 15 15 12 8 6 1 0 0 0 0 0 0 0 0 0 0 4 8 9 9 10 8 6 9 11 9 3 7 9 12 13 14 14 14 13 13 13 10 12 11 9 10 11 12 13 13 13 12 12 12 11 12 13 13 13 13 13 13 14 14 14 14 12 12 13 0 0 0 0 0 0 0 0 0 0 0 0 4 12 14 15 15 15 14 13 12 11 12 13 14 14
 15 15 15 13 0 0 0 0 0 0 0 0 0 0 6 6 0 0 13 13 13 4 11 11 12 13 14 14 15 14 12 12 15 14 14 15 15 15 14 13 12 12 6 1 0 0 0 0 0 0 0 0 7 8 11 11 11 12 12 5 11 11 10 8 7 9 9 13 14 14 14 15 13 13 11 8 7 9 10 13 13 13 13 13 13 12 12 11 12 12 13 13 12 12 13 13 14 14 14 14 10 0 0 0 0 0 0 0 0 0 0 0 0 0 4 13 14 15 15 15 14 13 12 11 12 13 14 14
 15 15 15 13 4 0 0 0 0 0 0 0 0 0 6 8 9 0 13 13 13 4 11 11 12 13 15 15 14 14 13 12 15 14 12 14 13 13 13 13 13 13 11 5 5 1 0 0 0 0 0 2 10 11 11 9 10 11 9 8 10 9 9 9 8 11 11 13 14 13 11 15 15 14 13 14 14 13 13 13 13 13 13 13 13 13 12 12 11 12 13 13 13 13 13 13 13 14 14 14 0 0 0 0 0 0 0 0 0 0 0 0 0 0 2 13 13 15 15 15 14 13 11 11 12 12 14 14
 15 15 14 13 4 0 0 0 0 0 0 0 0 0 6 12 11 11 11 12 11 4 10 11 12 11 15 15 15 14 14 13 14 14 14 14 14 13 12 11 10 10 5 5 5 5 2 1 1 1 0 2 0 0 7 8 7 5 9 9 13 14 14 12 12 12 12 13 13 12 11 13 15 14 13 14 14 13 9 13 14 14 13 13 13 13 13 12 11 11 12 13 13 13 13 13 13 14 14 9 0 0 0 0 0 0 0 0 0 0 0 0 0 0 0 4 14 15 15 15 14 13 12 11 12 13 13 14
 14 15 14 11 0 0 0 0 0 0 0 0 0 0 7 13 13 12 12 10 7 11 13 12 11 6 14 15 15 15 14 13 14 14 14 14 11 4 0 0 0 2 5 5 5 5 4 1 1 0 0 0 0 10 10 0 7 8 12 12 13 14 14 13 15 15 14 14 14 12 13 14 14 14 14 14 14 13 12 14 14 14 14 14 14 14 13 13 12 12 12 13 13 13 13 13 13 13 13 0 0 0 0 0 0 0 0 0 0 0 0 0 0 0 0 3 14 15 15 15 14 13 12 11 12 13 14 13
 13 14 13 4 0 0 0 0 0 0 0 0 0 0 7 13 14 14 13 6 9 12 13 12 11 9 13 15 15 14 14 13 14 14 14 9 0 0 0 0 0 0 0 0 5 5 3 0 0 0 0 0 4 0 5 7 8 10 11 12 12 14 14 15 15 15 14 14 15 12 14 14 14 14 14 14 14 14 14 14 14 14 14 14 14 14 14 13 13 12 12 12 12 13 13 13 12 12 12 0 0 0 0 0 0 0 0 0 0 0 0 0 0 0 0 8 13 15 15 15 15 14 13 11 12 13 14 14
 13 13 10 0 0 0 0 0 0 0 0 0 0 0 0 9 13 14 14 13 14 14 13 12 12 12 12 14 14 14 14 13 14 14 11 0 0 0 0 0 0 0 0 0 5 5 0 0 2 8 8 8 8 9 9 9 10 12 13 13 13 13 10 15 15 14 14 15 15 15 15 14 13 14 14 14 14 14 14 14 14 14 14 14 14 14 14 13 13 13 12 12 12 12 12 8 9 10 9 0 0 0 0 0 0 0 0 0 0 0 0 0 0 10 10 13 14 14 14 13 13 13 12 12 13 14 14 14
 14 13 9 0 0 0 0 0 0 0 0 0 0 0 0 0 8 14 14 13 13 13 13 11 12 12 10 13 14 14 14 12 12 12 0 0 0 0 0 0 0 0 0 3 5 5 10 12 13 12 11 13 13 13 12 10 10 12 14 14 14 11 13 15 15 14 14 15 15 14 14 11 12 14 13 14 14 14 14 14 13 14 14 14 14 13 13 13 13 13 12 12 12 11 11 8 9 11 11 4 0 0 0 0 0 0 0 0 0 0 0 1 12 13 13 13 12 11 12 12 14 14 14 14 14 14 14 14
 10 8 3 0 0 0 0 0 0 0 0 0 0 0 0 0 0 9 14 14 14 12 11 12 13 11 9 11 13 13 13 12 12 6 0 0 0 0 0 0 0 0 3 4 5 10 12 12 13 13 11 13 13 13 12 11 12 12 14 13 14 12 14 15 15 14 15 15 15 14 12 10 14 14 14 14 14 14 14 14 14 14 14 14 14 13 13 13 13 13 12 12 12 12 12 11 8 9 11 9 0 0 0 0 0 0 0 0 0 0 4 11 13 13 13 12 11 12 13 13 12 14 14 13 9 9 9 9
 0 0 0 0 0 0 0 0 0 0 0 0 0 0 0 0 0 0 14 13 12 11 13 13 13 11 9 7 1 12 13 12 10 5 3 0 0 0 0 6 6 0 0 0 0 15 15 11 12 12 10 9 9 10 11 11 12 13 14 12 11 12 15 15 15 14 15 15 14 13 11 13 14 14 14 14 15 14 14 14 14 14 14 14 13 13 13 13 13 13 12 12 12 12 12 12 12 8 5 0 0 0 0 0 0 0 0 0 3 4 13 13 14 14 13 12 12 13 13 13 11 14 12 5 0 0 0 0
 0 0 0 0 0 0 0 0 0 0 0 0 0 0 0 0 0 0 8 12 11 13 14 14 14 9 6 0 1 12 12 12 9 5 3 0 0 0 0 7 8 4 0 0 0 15 15 13 11 10 11 11 11 13 14 14 14 11 13 10 9 15 15 15 15 15 15 13 13 11 13 13 15 15 14 15 15 15 14 14 14 14 14 14 14 13 13 13 12 11 11 12 12 13 13 12 11 2 0 6 6 0 0 0 0 0 0 9 12 14 14 14 13 12 13 14 15 15 15 15 13 11 0 0 0 0 0 0
 0 0 0 0 0 0 0 0 0 0 0 0 0 0 0 0 3 7 7 8 12 13 13 13 13 8 0 0 1 12 12 12 9 5 1 0 0 0 0 7 11 11 4 0 8 15 15 14 14 13 11 11 13 15 15 14 14 12 11 11 13 15 14 15 14 15 15 14 14 14 15 15 15 15 15 15 15 14 14 14 14 14 14 14 13 13 13 13 12 12 11 11 12 12 12 10 0 0 0 8 10 10 7 8 8 6 5 12 14 14 14 12 12 13 14 15 15 15 15 14 14 10 0 0 0 0 0 0
 0 0 0 0 0 0 0 0 0 0 0 0 0 0 0 0 0 0 0 9 11 12 13 13 12 8 0 0 0 9 11 11 10 1 0 0 0 0 0 5 9 10 7 0 11 15 15 14 14 14 13 10 13 14 14 14 14 13 13 13 14 14 13 14 14 14 14 12 13 15 15 15 15 15 15 15 15 15 15 14 14 15 14 14 13 13 13 12 11 12 11 11 10 7 0 0 0 0 0 4 8 11 11 13 13 8 8 14 14 14 12 12 12 14 14 15 15 15 14 8 12 9 0 0 0 0 0 0
 0 0 0 0 0 0 0 0 0 0 0 0 0 0 0 0 0 0 0 0 5 12 12 12 9 0 0 0 0 0 7 9 9 0 0 0 0 0 0 0 7 10 7 8 14 15 15 15 14 14 13 10 13 12 13 14 14 13 13 13 13 11 12 12 12 11 11 11 13 15 15 13 11 14 15 15 15 15 15 15 15 15 14 13 13 13 12 12 11 11 8 0 0 0 0 0 0 10 10 9 8 6 0 8 8 8 13 15 14 14 13 11 13 14 15 15 14 14 13 12 12 9 0 0 0 0 0 0
 0 0 0 0 0 0 0 0 0 0 0 0 0 0 0 0 0 0 0 0 0 9 10 10 0 0 0 0 0 0 0 0 0 0 0 0 0 0 0 0 0 4 4 8 14 14 15 15 13 14 11 10 13 13 13 12 12 13 14 15 15 12 10 11 14 15 13 12 13 14 13 10 7 14 15 15 15 15 15 15 15 14 14 13 13 13 13 12 11 11 0 0 0 0 0 0 0 6 5 5 0 5 7 12 15 15 15 15 15 14 13 11 13 14 15 15 14 14 14 14 13 8 0 0 0 0 0 0
 0 0 0 0 0 0 0 0 0 0 0 0 0 0 0 0 0 0 0 0 0 8 8 0 0 0 0 0 0 0 0 0 0 0 0 0 0 0 0 0 0 0 0 0 11 13 12 12 13 13 9 13 14 14 12 14 14 14 15 15 15 15 14 15 15 15 13 13 8 12 12 13 13 14 15 15 15 15 14 14 14 14 13 13 13 13 12 11 2 1 0 0 0 0 0 0 0 7 6 6 6 8 15 15 15 15 15 15 15 14 13 11 12 14 15 15 15 15 15 15 13 10 0 0 0 0 0 0
 0 0 0 0 0 0 0 0 0 0 0 0 0 0 0 0 0 0 0 0 0 0 0 0 0 0 0 0 0 0 0 0 0 0 0 0 0 0 0 0 0 0 0 1 3 4 10 11 12 12 9 11 14 15 15 15 15 15 15 15 15 15 15 15 14 12 12 12 12 14 13 14 15 15 15 15 14 14 14 14 14 14 14 13 13 13 12 0 0 0 0 0 0 0 0 0 0 0 0 6 6 14 15 15 15 15 15 15 15 14 14 12 11 13 14 15 15 15 14 15 13 11 5 0 0 0 0 0
 0 0 0 0 0 0 0 0 0 0 0 0 0 0 0 0 0 0 0 0 0 0 0 0 0 0 0 0 0 0 0 0 0 0 0 0 0 0 0 0 0 0 0 0 1 3 5 11 12 9 13 15 15 15 15 15 15 15 15 15 15 14 14 14 13 13 14 14 15 15 14 15 15 15 15 14 14 14 14 13 13 14 14 13 13 11 5 0 0 0 0 0 0 0 0 0 0 0 0 2 6 13 15 15 14 14 15 15 15 15 14 12 11 11 13 14 14 12 14 15 14 12 10 6 0 0 0 0
 0 0 0 0 0 0 0 0 0 0 0 0 0 0 0 0 0 0 0 0 0 0 0 0 0 0 0 0 0 0 0 0 0 0 0 0 0 0 0 0 0 0 0 0 0 1 0 6 8 8 13 15 15 15 15 13 12 15 15 15 15 12 13 13 13 13 15 15 15 14 14 15 15 15 15 15 15 15 14 14 14 14 13 13 12 6 0 0 0 0 0 0 0 0 0 0 0 0 0 0 3 12 15 15 13 13 14 14 15 15 14 13 12 10 11 12 12 10 12 15 14 12 11 11 0 0 0 0
 0 0 0 0 0 0 0 0 0 0 0 0 0 0 0 0 0 0 0 0 0 0 0 0 0 0 0 0 0 0 0 0 0 0 0 0 0 0 0 0 0 0 0 0 0 0 0 0 0 0 11 15 15 15 15 15 13 14 15 15 13 12 12 12 12 12 15 15 15 15 15 15 15 15 15 15 15 15 15 14 14 14 14 13 8 0 0 0 0 0 0 0 0 0 0 0 0 0 0 0 0 8 13 14 14 14 14 13 15 13 13 13 13 12 10 10 10 10 12 14 14 13 10 11 11 0 0 0
 0 0 0 0 0 0 0 0 0 0 0 0 0 0 0 0 0 0 0 0 0 0 0 0 0 0 0 0 0 0 0 0 0 0 0 0 0 0 0 0 0 0 0 0 0 0 0 0 0 0 5 14 15 15 15 15 15 13 14 15 12 14 13 14 15 15 15 15 15 15 15 15 15 15 15 14 14 15 15 15 14 14 14 11 0 0 0 0 0 0 0 0 0 0 0 0 0 0 0 0 0 0 9 13 14 14 13 15 15 15 15 15 14 13 13 11 8 8 7 10 13 14 12 12 6 0 0 0
 0 0 0 0 0 0 0 0 0 0 0 0 0 0 0 0 0 0 0 0 0 0 0 0 0 0 0 0 0 0 0 0 0 0 0 0 0 0 0 0 0 0 0 0 0 0 0 0 0 0 0 11 15 15 15 15 15 15 14 15 13 14 15 15 15 15 15 15 15 15 15 15 15 15 15 14 14 14 14 13 13 12 12 8 0 0 0 0 0 0 0 0 0 0 0 0 0 0 0 0 0 0 0 4 6 13 14 15 15 14 13 13 14 14 14 13 9 9 10 12 13 14 14 13 7 0 0 0
 0 0 0 0 0 0 0 0 0 0 0 0 0 0 0 0 0 0 0 0 0 0 0 0 0 0 0 0 0 0 0 0 0 0 0 0 0 0 0 0 0 0 0 0 0 0 0 0 0 0 0 0 7 14 15 15 15 15 15 15 13 15 15 15 15 15 15 15 15 15 15 15 15 15 15 14 14 13 13 13 12 11 11 7 0 0 0 0 0 0 0 0 0 0 0 0 0 0 0 0 0 0 0 0 0 2 5 9 9 5 6 13 14 13 13 12 12 10 10 11 12 13 13 12 7 6 5 0
 0 0 0 0 0 0 0 0 0 0 0 0 0 0 0 0 0 0 0 0 0 0 0 0 0 0 0 0 0 0 0 0 0 0 0 0 0 0 0 0 0 0 0 0 0 0 0 0 0 0 0 2 7 7 11 14 15 15 15 15 13 15 15 15 15 15 15 15 15 15 15 15 15 15 15 14 14 14 14 13 12 10 11 5 0 0 0 0 0 0 0 0 0 0 0 0 0 0 0 0 0 0 0 0 0 0 0 0 0 0 1 6 9 13 13 13 12 11 10 12 13 13 14 14 13 12 2 0
 0 0 0 0 0 0 0 0 0 0 0 0 0 0 0 0 0 0 0 0 0 0 0 0 0 0 0 0 0 0 0 0 0 0 0 0 0 0 0 0 0 0 0 0 0 0 0 0 0 0 0 2 7 7 5 4 14 15 15 13 13 14 14 15 15 15 15 15 15 15 14 14 14 14 14 14 13 13 13 12 11 10 5 0 0 0 0 0 0 0 0 0 0 0 0 0 0 0 0 0 0 0 0 0 0 0 0 0 0 2 4 9 10 13 13 13 12 11 11 13 13 13 13 8 4 2 0 0
 0 0 0 0 0 0 0 0 0 0 0 0 0 0 0 0 0 0 0 0 0 0 0 0 0 0 0 0 0 0 0 0 0 0 0 0 0 0 0 0 0 0 0 0 0 0 0 0 0 0 0 3 7 7 5 0 0 13 13 12 12 11 10 8 7 10 10 11 12 14 14 14 14 14 13 13 13 12 12 12 9 3 0 0 0 0 0 0 0 0 0 0 0 0 0 0 0 0 0 0 0 0 0 0 0 0 0 0 2 4 9 12 12 12 12 12 11 11 12 12 11 11 9 4 0 0 0 0
 1 1 0 0 0 0 0 0 0 0 0 0 0 0 0 0 0 0 0 0 0 0 0 0 0 0 0 0 0 0 0 0 0 0 0 0 0 0 0 0 0 0 0 0 0 0 0 0 0 0 1 3 4 4 4 0 0 0 9 9 10 12 12 9 11 12 12 8 2 0 4 7 9 12 12 12 12 12 12 9 0 0 0 0 0 0 0 0 0 0 0 0 0 0 0 0 0 0 0 0 0 0 0 0 0 0 0 0 6 8 12 12 12 12 11 9 10 11 11 11 8 7 8 8 0 0 0 0
 1 1 0 0 0 0 0 0 0 0 0 0 0 0 0 0 0 0 0 0 0 0 0 0 0 0 0 0 0 0 0 0 0 0 0 0 0 0 0 0 0 0 0 0 0 0 0 0 0 0 0 2 2 2 2 0 0 0 6 7 8 12 13 13 11 9 3 1 1 1 0 0 0 0 5 10 12 11 8 0 0 0 0 0 0 0 0 0 0 0 0 0 0 0 0 0 0 0 0 0 0 0 0 0 0 0 1 8 11 12 12 11 11 11 11 9 8 10 10 10 8 6 4 5 4 0 0 0
 2 0 0 0 0 0 0 0 0 0 0 0 0 0 0 0 0 0 0 0 0 0 0 0 0 0 0 0 0 0 0 0 0 0 0 0 0 0 0 0 0 0 0 0 0 0 0 0 0 0 0 0 0 0 0 0 0 0 0 0 0 7 8 8 2 2 1 1 0 0 0 0 0 0 0 0 0 0 0 0 0 0 0 0 0 0 0 0 0 0 0 0 0 0 0 0 0 0 0 0 0 0 0 0 0 0 4 10 11 11 7 0 0 7 11 11 9 7 8 10 10 10 8 6 5 3 3 2
 7 4 0 0 0 0 0 0 0 0 0 0 0 0 0 0 0 0 0 0 0 0 0 0 0 0 0 0 0 0 0 0 0 0 0 0 0 0 0 0 0 0 0 0 0 0 0 0 0 0 0 0 0 0 0 0 0 0 0 0 0 0 0 0 1 1 0 0 0 0 0 0 0 0 0 0 0 0 0 0 0 0 0 0 0 0 0 0 0 0 0 0 0 0 0 0 0 0 0 0 0 0 0 0 0 1 4 7 7 0 0 0 0 0 7 9 9 8 5 4 4 3 4 4 4 6 9 9
 9 7 4 3 0 0 0 0 0 0 0 0 0 0 0 0 0 0 0 0 0 0 0 0 0 0 0 0 0 0 0 0 0 0 0 0 0 0 0 0 0 0 0 0 0 0 0 0 0 0 0 0 0 0 0 0 0 0 0 0 0 0 0 0 0 0 0 0 0 0 0 0 0 0 0 0 0 0 0 0 0 0 0 0 0 0 0 0 0 0 0 0 0 0 0 0 0 0 0 0 0 0 0 0 0 0 3 4 0 0 0 0 0 0 0 0 4 4 3 5 5 0 0 3 7 9 12 12
 11 11 11 9 7 0 0 0 0 0 0 0 0 0 0 0 0 0 0 0 0 0 0 0 0 0 0 0 0 0 0 0 0 0 0 0 0 0 0 0 0 0 0 0 0 0 0 0 0 0 0 0 0 0 0 0 0 0 0 0 0 0 0 0 0 0 0 0 0 0 0 0 0 0 0 0 0 0 0 0 0 0 0 0 0 0 0 0 0 0 0 0 0 0 0 0 0 0 0 0 0 0 0 0 0 5 5 3 0 0 0 0 0 0 0 0 0 0 0 0 5 6 7 7 7 9 11 11
 11 11 11 10 9 6 4 3 2 2 2 3 3 3 3 3 2 2 0 0 0 0 0 0 0 0 0 0 0 0 0 0 0 0 0 0 0 0 0 0 0 0 0 0 0 0 0 0 0 0 0 0 0 0 0 0 0 0 0 0 0 0 0 0 0 0 0 0 0 0 0 0 0 0 0 0 0 0 0 0 0 0 0 0 0 0 0 0 0 0 0 0 0 0 0 0 0 0 0 0 0 0 0 6 8 8 4 3 0 0 0 0 0 0 0 0 0 0 0 0 1 4 7 8 8 9 10 10
 11 11 10 10 8 4 2 2 3 3 3 3 3 3 3 3 3 3 2 0 0 0 0 0 0 0 0 0 0 0 0 0 0 0 0 0 0 0 0 0 0 0 0 0 0 0 0 0 0 0 0 0 0 0 0 0 0 0 0 0 0 0 0 0 0 0 0 0 0 0 0 0 0 0 0 0 0 0 0 0 0 0 0 0 0 0 0 0 0 0 0 0 0 0 0 0 0 0 0 0 2 5 6 6 6 4 3 0 0 0 0 0 0 0 0 0 0 0 0 0 0 1 3 8 10 12 12 12
 11 10 10 6 0 0 0 0 0 1 2 2 2 2 3 3 3 3 3 2 0 0 0 0 0 0 0 0 0 0 0 0 0 0 0 0 0 0 0 0 0 0 0 0 0 0 0 0 0 0 0 0 0 0 0 0 0 0 0 0 0 0 0 0 0 0 0 0 0 0 0 0 0 0 0 0 0 0 0 0 0 0 0 0 0 0 0 0 0 0 0 0 0 0 0 0 0 0 0 0 0 1 0 0 0 0 0 0 0 0 0 0 0 0 0 0 0 0 0 0 0 0 3 3 1 4 7 11
 10 7 5 4 4 4 0 0 0 2 3 3 3 3 3 2 1 1 1 1 0 0 0 0 0 0 0 0 0 0 0 0 0 0 0 0 0 0 0 0 0 0 0 0 0 0 0 0 0 0 0 0 0 0 0 0 0 0 0 0 0 0 0 0 0 0 0 0 0 0 0 0 0 0 0 0 0 0 0 0 0 0 0 0 0 0 0 0 0 0 0 0 0 0 0 0 0 0 0 0 0 0 0 0 0 0 0 0 0 0 0 0 0 0 0 0 0 0 0 0 0 0 0 2 2 3 7 10
 0 0 0 0 0 0 0 0 0 0 0 0 0 0 0 0 0 0 0 0 0 0 0 0 0 0 0 0 0 0 0 0 0 0 0 0 0 0 0 0 0 0 0 0 0 0 0 0 0 0 0 0 0 0 0 0 0 0 0 0 0 0 0 0 0 0 0 0 0 0 0 0 0 0 0 0 0 0 0 0 0 0 0 0 0 0 0 0 0 0 0 0 0 0 0 0 0 0 0 0 0 0 0 0 0 0 0 0 0 0 0 0 0 0 0 0 0 0 0 0 0 0 0 0 0 0 0 0
 0 0 0 0 0 0 0 0 0 0 0 0 0 0 0 0 0 0 0 0 0 0 0 0 0 0 0 0 0 0 0 0 0 0 0 0 0 0 0 0 0 0 0 0 0 0 0 0 0 0 0 0 0 0 0 0 0 0 0 0 0 0 0 0 0 0 0 0 0 0 0 0 0 0 0 0 0 0 0 0 0 0 0 0 0 0 0 0 0 0 0 0 0 0 0 0 0 0 0 0 0 0 0 0 0 0 0 0 0 0 0 0 0 0 0 0 0 0 0 0 0 0 0 0 0 0 0 0
 0 0 0 0 0 0 0 0 0 0 0 0 0 0 0 0 0 0 0 0 0 0 0 0 0 0 0 0 0 0 0 0 0 0 0 0 0 0 0 0 0 0 0 0 0 0 0 0 0 0 0 0 0 0 0 0 0 0 0 0 0 0 0 0 0 0 0 0 0 0 0 0 0 0 0 0 0 0 0 0 0 0 0 0 0 0 0 0 0 0 0 0 0 0 0 0 0 0 0 0 0 0 0 0 0 0 0 0 0 0 0 0 0 0 0 0 0 0 0 0 0 0 0 0 0 0 0 0
